n=10;
tMax=44;
score=
[
0,
2,
1,
4,
7,
6,
3,
1,
6,
4,
];
timeDist=
[
[ 2147483647, 79, 18, 48, 4, 69, 38, 55, 39, 61],
[ 79, 2147483647, 92, 8, 25, 0, 23, 81, 58, 61],
[ 18, 92, 2147483647, 49, 39, 28, 23, 22, 44, 86],
[ 48, 8, 49, 2147483647, 27, 57, 60, 27, 34, 40],
[ 4, 25, 39, 27, 2147483647, 77, 36, 21, 91, 4],
[ 69, 0, 28, 57, 77, 2147483647, 6, 75, 66, 1],
[ 38, 23, 23, 60, 36, 6, 2147483647, 32, 54, 66],
[ 55, 81, 22, 27, 21, 75, 32, 2147483647, 49, 57],
[ 39, 58, 44, 34, 91, 66, 54, 49, 2147483647, 4],
[ 61, 61, 86, 40, 4, 1, 66, 57, 4, 2147483647],
];

n=10;
tMax=3;
score=
[
3,
7,
5,
7,
7,
1,
4,
7,
4,
1,
];
timeDist=
[
[ 2147483647, 21, 23, 44, 41, 2, 95, 94, 64, 67],
[ 21, 2147483647, 35, 13, 55, 74, 24, 12, 73, 19],
[ 23, 35, 2147483647, 26, 81, 55, 66, 43, 81, 20],
[ 44, 13, 26, 2147483647, 10, 54, 10, 50, 66, 74],
[ 41, 55, 81, 10, 2147483647, 94, 87, 6, 10, 52],
[ 2, 74, 55, 54, 94, 2147483647, 11, 23, 69, 91],
[ 95, 24, 66, 10, 87, 11, 2147483647, 28, 10, 11],
[ 94, 12, 43, 50, 6, 23, 28, 2147483647, 16, 59],
[ 64, 73, 81, 66, 10, 69, 10, 16, 2147483647, 55],
[ 67, 19, 20, 74, 52, 91, 11, 59, 55, 2147483647],
];

